"jp_daily_newsletter_mary_ann_parsons_1_1850" "jp_morning_chronicle_anne_bird_1850" "jp_morning_chronicle_dr_ellis_1846" "jp_morning_chronicle_mary_ann_parsons_2_1850" "jp_morning_chronicle_sarah_brown_1846" "jp_morning_chronicle_susan_moir_1850" "jp_morning_chronicle_wife_murder_1851" "jp_sunday_times_questionable_charity_1850" "vl_daily_newsletter_corporal_punishment_1849" "vl_morning_chronicle_captain_johnstone_1846" "vl_morning_chronicle_law_of_assault_1850" "vl_morning_chronicle_matthewson_1846" "vl_morning_chronicle_north_family_1846" "vl_morning_chronicle_william_burn_1846" "vl_remarks_on_mr_fitzroys_bill_1853" "vl_sunday_times_punishment_of_children_1850"
"the" 8.32497492477432 7.38860688099267 6.2390158172232 9.12621359223301 8.54383358098068 7.72357723577236 9.33014354066986 5.68181818181818 6.62598081952921 7.36842105263158 6.6627358490566 7.18025430067315 9.36739659367397 8.28025477707006 8.13316477033291 6.74285714285714
"of" 4.41323971915747 6.48618161308517 4.56942003514938 5.50161812297735 4.9777117384844 3.5230352303523 5.50239234449761 3.91414141414141 6.19006102877071 5.84795321637427 4.12735849056604 4.71204188481675 3.5279805352798 4.06050955414013 6.78466076696165 4.34285714285714
"to" 3.00902708124373 2.42526790750141 2.98769771528998 3.75404530744337 3.64041604754829 2.710027100271 3.6682615629984 4.92424242424242 2.9642545771578 2.80701754385965 3.5377358490566 3.36574420344054 4.01459854014599 3.10509554140127 3.20269700800674 2.97142857142857
"a" 1.70511534603811 2.19966159052453 2.98769771528998 1.10032362459547 2.74888558692422 2.4390243902439 1.99362041467305 0.883838383838384 2.615518744551 3.74269005847953 2.00471698113208 3.06656694091249 1.88564476885645 2.54777070063694 2.1913190054783 2.05714285714286
"and" 2.80842527582748 2.36886632825719 1.75746924428822 1.61812297734628 2.5260029717682 2.57452574525745 2.07336523125997 1.64141414141414 2.7898866608544 1.52046783625731 2.12264150943396 1.49588631264024 2.00729927007299 2.94585987261146 1.89633375474083 3.2
"in" 2.10631895687061 2.59447264523407 2.46045694200351 1.74757281553398 2.15453194650817 2.03252032520325 2.95055821371611 2.14646464646465 1.9180470793374 1.16959064327485 1.47405660377358 1.34629768137622 1.52068126520681 1.67197452229299 1.85419300463548 1.82857142857143
"is" 0.401203610832498 1.35363790186125 1.14235500878735 1.68284789644013 1.1887072808321 0.813008130081301 1.99362041467305 3.03030303030303 2.2667829119442 1.40350877192982 1.88679245283019 1.19670905011219 2.4330900243309 1.03503184713376 2.1913190054783 1.71428571428571
"that" 1.80541624874624 0.846023688663283 2.10896309314587 2.00647249190939 1.70876671619614 2.03252032520325 1.67464114832536 1.64141414141414 0.959023539668701 1.05263157894737 1.82783018867925 2.01944652206432 1.70316301703163 2.07006369426752 1.34850400337126 1.94285714285714
"it" 1.00300902708124 1.1844331641286 1.49384885764499 1.94174757281553 1.56017830609212 1.0840108401084 1.35566188197767 1.51515151515152 1.0462074978204 1.05263157894737 1.70990566037736 1.34629768137622 1.338199513382 1.59235668789809 2.02275600505689 1.48571428571429
"be" 0.401203610832498 0.902425267907501 1.23022847100176 1.22977346278317 0.965824665676077 1.0840108401084 0.797448165869219 1.64141414141414 1.743679163034 1.40350877192982 2.00471698113208 1.49588631264024 1.09489051094891 0.796178343949045 1.55920775389802 1.37142857142857
"not" 0.601805416248746 1.01522842639594 1.66959578207381 1.16504854368932 1.1887072808321 1.21951219512195 0.717703349282297 0.757575757575758 0.871839581517001 1.28654970760234 1.00235849056604 1.42109199700823 1.03406326034063 0.875796178343949 0.800674252001686 1.37142857142857
"which" 0.702106318956871 1.35363790186125 0.966608084358524 1.22977346278317 1.04011887072808 0.5420054200542 1.03668261562998 1.01010101010101 0.610287707061901 1.05263157894737 1.17924528301887 0.897531787584144 0.72992700729927 0.796178343949045 1.09565950273915 0.571428571428571
"for" 0.501504513540622 0.451212633953751 0.70298769771529 0.776699029126214 0.817236255572065 0.813008130081301 1.59489633173844 0.631313131313131 1.2205754141238 0.818713450292398 1.06132075471698 0.74794315632012 0.72992700729927 1.51273885350318 1.43278550358196 0.685714285714286
"as" 0.802407221664995 0.902425267907501 0.70298769771529 0.58252427184466 0.817236255572065 0.677506775067751 0.956937799043062 1.13636363636364 1.0462074978204 1.40350877192982 0.766509433962264 1.19670905011219 0.72992700729927 0.477707006369427 0.969237252423093 1.14285714285714
"by" 0.802407221664995 0.620417371686407 0.615114235500879 1.16504854368932 1.11441307578009 0.5420054200542 0.398724082934609 0.883838383838384 0.784655623365301 1.05263157894737 0.884433962264151 0.822737471952132 0.72992700729927 0.477707006369427 0.927096502317741 0.914285714285714
"have" 1.10330992978937 0.733220530174845 0.70298769771529 0.776699029126214 0.445765230312036 1.21951219512195 0.956937799043062 1.01010101010101 0.610287707061901 1.05263157894737 0.412735849056604 1.19670905011219 1.21654501216545 1.51273885350318 0.294985250737463 0.342857142857143
"on" 0.401203610832498 0.676818950930626 0.790861159929701 0.906148867313916 0.297176820208024 1.21951219512195 0.558213716108453 1.01010101010101 0.3487358326068 0.350877192982456 0.825471698113208 0.598354525056096 1.338199513382 0.477707006369427 0.632111251580278 0.914285714285714
"or" 0.601805416248746 1.07163000564016 0.790861159929701 0.323624595469256 0.74294205052006 0.40650406504065 0.797448165869219 1.01010101010101 0.4359197907585 0.467836257309941 1.23820754716981 0.299177262528048 0.547445255474453 0.398089171974522 0.842815002107038 0.342857142857143
"but" 0.501504513540622 0.676818950930626 1.31810193321617 0.517799352750809 0.74294205052006 0.2710027100271 0.558213716108453 0.631313131313131 0.959023539668701 0.584795321637427 0.235849056603774 0.523560209424084 0.851581508515815 0.477707006369427 0.67425200168563 0.685714285714286
"he" 0.802407221664995 0.169204737732657 0.878734622144112 0.323624595469256 0.817236255572065 0.677506775067751 0.87719298245614 0.126262626262626 0.697471665213601 0.584795321637427 0.17688679245283 0.972326103216156 0.97323600973236 1.43312101910828 0.294985250737463 0.914285714285714
"are" 0.100300902708124 0.95882684715172 0.175746924428823 0.258899676375405 0.0742942050520059 0.5420054200542 0.717703349282297 0.378787878787879 0.871839581517001 0.701754385964912 1.12028301886792 0.897531787584144 0.425790754257908 0.71656050955414 0.758533501896334 0.228571428571429
"was" 1.80541624874624 0.225606316976875 1.23022847100176 1.29449838187702 0.520059435364042 0.948509485094851 0.956937799043062 0 0.4359197907585 0.467836257309941 0.294811320754717 1.04712041884817 0.0608272506082725 0.71656050955414 0.126422250316056 0.114285714285714
"this" 1.30391173520562 0.564015792442188 0.351493848857645 0.258899676375405 0.594353640416048 0.813008130081301 0.478468899521531 0.505050505050505 0.871839581517001 0.350877192982456 0.825471698113208 0.523560209424084 0.72992700729927 0.557324840764331 0.547829751369574 0.228571428571429
"if" 0 0.451212633953751 0.527240773286467 0.517799352750809 0.668647845468053 0.677506775067751 0.239234449760766 1.26262626262626 0.5231037489102 0.701754385964912 0.648584905660377 0.74794315632012 1.15571776155718 0.398089171974522 0.379266750948167 0.571428571428571
"their" 0.601805416248746 0.846023688663283 0.175746924428823 0.776699029126214 0.297176820208024 0.40650406504065 0.637958532695375 0.252525252525253 0.2615518744551 0.467836257309941 1.12028301886792 0.37397157816006 0.547445255474453 0.557324840764331 0.67425200168563 0.342857142857143
"his" 0.100300902708124 0 0.70298769771529 0.129449838187702 0.445765230312036 0.2710027100271 0.87719298245614 0 0.0871839581517001 0.818713450292398 0.412735849056604 0.822737471952132 1.27737226277372 1.11464968152866 0.126422250316056 1.6
"they" 0.100300902708124 0.394811054709532 0.790861159929701 0.517799352750809 0.297176820208024 0.2710027100271 0.478468899521531 0.378787878787879 0.5231037489102 1.05263157894737 1.12028301886792 0.523560209424084 0.121654501216545 0.477707006369427 0.67425200168563 0.342857142857143
"who" 0.902708124373119 0.0564015792442188 0.263620386643234 0.711974110032362 0.668647845468053 0.677506775067751 0.398724082934609 0 0.610287707061901 0.935672514619883 0.471698113207547 0.523560209424084 0.364963503649635 0.875796178343949 0.337126000842815 0.8
"with" 0.601805416248746 0.620417371686407 0.527240773286467 0.323624595469256 0.445765230312036 0.40650406504065 0.318979266347687 0.631313131313131 0.4359197907585 0.467836257309941 0.943396226415094 0.37397157816006 0.182481751824818 0.557324840764331 0.67425200168563 0.228571428571429
"would" 0.300902708124373 0.451212633953751 0.263620386643234 0.388349514563107 0.0742942050520059 0.813008130081301 0.398724082934609 0.126262626262626 0.697471665213601 0.233918128654971 0.412735849056604 0.74794315632012 0.608272506082725 0.796178343949045 0.800674252001686 0.342857142857143
"one" 0.200601805416249 0.620417371686407 0.439367311072056 0.906148867313916 0.594353640416048 0 0.159489633173844 0.505050505050505 0.3487358326068 0.233918128654971 0.471698113207547 0.37397157816006 0.851581508515815 0.477707006369427 0.589970501474926 0.228571428571429
"had" 0.802407221664995 0.112803158488438 0.615114235500879 0.323624595469256 1.2630014858841 0.948509485094851 0.478468899521531 0.126262626262626 0.1743679163034 1.05263157894737 0.17688679245283 0.74794315632012 0.669099756690998 0.398089171974522 0.126422250316056 0.228571428571429
"been" 0.802407221664995 0.225606316976875 0.70298769771529 0.388349514563107 0.222882615156018 1.21951219512195 0.478468899521531 0.252525252525253 0.4359197907585 0.467836257309941 0.17688679245283 0.74794315632012 0.364963503649635 0.71656050955414 0.294985250737463 0.685714285714286
"law" 0.401203610832498 0.564015792442188 0.175746924428823 0.453074433656958 1.33729569093611 0.13550135501355 0.239234449760766 0 0.610287707061901 0.116959064327485 0.825471698113208 0.074794315632012 0.425790754257908 0.398089171974522 0.337126000842815 0.571428571428571
"an" 0.401203610832498 0.112803158488438 0.615114235500879 0.323624595469256 0.445765230312036 0.2710027100271 0.558213716108453 0.757575757575758 0.4359197907585 0.467836257309941 0.471698113207547 0.448765893792072 0.304136253041363 0.238853503184713 0.547829751369574 0.342857142857143
"from" 0.401203610832498 0.676818950930626 0.351493848857645 0.129449838187702 0.817236255572065 0.40650406504065 0.318979266347687 0.631313131313131 0.1743679163034 0.467836257309941 0.589622641509434 0.523560209424084 0.304136253041363 0.318471337579618 0.168563000421408 0.342857142857143
"we" 0.501504513540622 0.282007896221094 0.351493848857645 0.323624595469256 0.148588410104012 0.2710027100271 0.159489633173844 0 0.610287707061901 0.818713450292398 0.589622641509434 1.19670905011219 0.48661800486618 0.398089171974522 0.0421407501053519 0.342857142857143
"any" 0 0.620417371686407 0.0878734622144113 0.388349514563107 0.594353640416048 0.40650406504065 0.239234449760766 0.505050505050505 0.2615518744551 0.350877192982456 0.648584905660377 0.448765893792072 0.304136253041363 0.398089171974522 0.337126000842815 0.342857142857143
"at" 0.200601805416249 0.338409475465313 0.263620386643234 0.388349514563107 0.37147102526003 0.40650406504065 0.318979266347687 0.883838383838384 0.2615518744551 0.467836257309941 0.35377358490566 0.224382946896036 0.24330900243309 0.477707006369427 0.421407501053519 0.342857142857143
"man" 0.802407221664995 0.112803158488438 0.263620386643234 0.0647249190938511 0.445765230312036 0.2710027100271 0.318979266347687 0 0.1743679163034 1.40350877192982 0.471698113207547 0.897531787584144 0.0608272506082725 0.875796178343949 0.0421407501053519 0.228571428571429
"has" 0.200601805416249 0.225606316976875 0.263620386643234 0.129449838187702 0.297176820208024 0.2710027100271 0.159489633173844 0.126262626262626 0.3487358326068 0.935672514619883 0.35377358490566 0.598354525056096 0.48661800486618 0.318471337579618 0.337126000842815 0.914285714285714
"case" 0.200601805416249 0.394811054709532 0.615114235500879 0.258899676375405 0.445765230312036 0.948509485094851 0.637958532695375 0.252525252525253 0.3487358326068 0 0.235849056603774 0.224382946896036 0.608272506082725 0.0796178343949045 0.0842815002107038 0.457142857142857
"most" 0.601805416248746 0.394811054709532 0.527240773286467 0.0647249190938511 0.222882615156018 0.40650406504065 0.0797448165869219 0 0.5231037489102 0.584795321637427 0.235849056603774 0.673148840688108 0.121654501216545 0.318471337579618 0.421407501053519 0.228571428571429
"such" 0.300902708124373 0.338409475465313 0.175746924428823 0.517799352750809 0.148588410104012 0.677506775067751 0.637958532695375 0.126262626262626 0.3487358326068 0.350877192982456 0.294811320754717 0.224382946896036 0 0.159235668789809 0.421407501053519 0.571428571428571
"them" 0.300902708124373 0.169204737732657 0.263620386643234 0.647249190938511 0.297176820208024 0.13550135501355 0.239234449760766 0.505050505050505 0.2615518744551 0.350877192982456 0.294811320754717 0.224382946896036 0.790754257907543 0.318471337579618 0.168563000421408 0.114285714285714
"there" 0.100300902708124 0.225606316976875 0.263620386643234 0.711974110032362 0.148588410104012 0.2710027100271 0.478468899521531 0.378787878787879 0.3487358326068 0.116959064327485 0.412735849056604 0.224382946896036 0.364963503649635 0.0796178343949045 0.505689001264222 0.114285714285714
"no" 0.100300902708124 0.225606316976875 0.439367311072056 0.517799352750809 0.445765230312036 0.40650406504065 0.159489633173844 0.252525252525253 0.1743679163034 0.467836257309941 0.235849056603774 0.299177262528048 0.547445255474453 0.318471337579618 0.126422250316056 0.457142857142857
"all" 0 0.282007896221094 0.527240773286467 0.129449838187702 0.222882615156018 0.40650406504065 0.318979266347687 0.378787878787879 0.4359197907585 0.350877192982456 0.707547169811321 0.224382946896036 0.24330900243309 0.159235668789809 0.294985250737463 0.228571428571429
"than" 0.200601805416249 0.338409475465313 0.0878734622144113 0.258899676375405 0.222882615156018 0 0.159489633173844 0.126262626262626 0.5231037489102 0.116959064327485 0.235849056603774 0.37397157816006 0.121654501216545 0.71656050955414 0.463548251158871 0.342857142857143
"s" 0.401203610832498 0.0564015792442188 0.263620386643234 0.323624595469256 0.222882615156018 0.677506775067751 0.318979266347687 0.126262626262626 0.3487358326068 0 0.117924528301887 0.074794315632012 0.790754257907543 0.238853503184713 0.0421407501053519 1.02857142857143
"more" 0 0.225606316976875 0.0878734622144113 0.453074433656958 0.148588410104012 0 0.239234449760766 0.378787878787879 0.5231037489102 0.116959064327485 0.412735849056604 0.224382946896036 0.182481751824818 0.636942675159236 0.421407501053519 0
"other" 0.100300902708124 0.225606316976875 0.351493848857645 0.453074433656958 0.222882615156018 0.40650406504065 0.478468899521531 0.757575757575758 0.2615518744551 0.467836257309941 0.117924528301887 0.299177262528048 0.24330900243309 0.0796178343949045 0.0421407501053519 0.571428571428571
"so" 0.100300902708124 0.169204737732657 0.527240773286467 0.0647249190938511 0.148588410104012 0.13550135501355 0.318979266347687 0.505050505050505 0.3487358326068 0.584795321637427 0.117924528301887 0.448765893792072 0.425790754257908 0.318471337579618 0.210703750526759 0.228571428571429
"what" 0.401203610832498 0.169204737732657 0.0878734622144113 0.194174757281553 0.148588410104012 0.40650406504065 0.239234449760766 0.631313131313131 0.3487358326068 0.233918128654971 0.0589622641509434 0.448765893792072 0.425790754257908 0.0796178343949045 0.337126000842815 0.114285714285714
"will" 0.100300902708124 0.112803158488438 0.0878734622144113 0.129449838187702 0.222882615156018 0.5420054200542 0.159489633173844 0.505050505050505 0.0871839581517001 0.350877192982456 0.117924528301887 0.299177262528048 0.608272506082725 0.159235668789809 0.252844500632111 0.8
"death" 0.501504513540622 0.282007896221094 0.527240773286467 1.16504854368932 0 0.2710027100271 0.0797448165869219 0 0.0871839581517001 0.116959064327485 0.412735849056604 0.149588631264024 0.182481751824818 0.0796178343949045 0.0421407501053519 0
"children" 0.200601805416249 0.169204737732657 0 0 0.222882615156018 0 0.0797448165869219 0.505050505050505 0.0871839581517001 0 0.17688679245283 0 1.338199513382 0.636942675159236 0.126422250316056 0.228571428571429
"her" 1.30391173520562 0.112803158488438 0 0.0647249190938511 1.2630014858841 0.13550135501355 0.398724082934609 0 0.0871839581517001 0 0 0 0.669099756690998 0 0 0
"him" 0.200601805416249 0 0.0878734622144113 0.194174757281553 0.222882615156018 0 0.398724082934609 0.757575757575758 0.0871839581517001 0.233918128654971 0.117924528301887 0.74794315632012 0 0.557324840764331 0.0421407501053519 0.914285714285714
"when" 0.300902708124373 0.338409475465313 0.175746924428823 0.194174757281553 0 0.40650406504065 0.318979266347687 0.252525252525253 0 0.467836257309941 0.35377358490566 0.224382946896036 0.304136253041363 0.159235668789809 0.294985250737463 0.114285714285714
"were" 0.702106318956871 0.0564015792442188 0.351493848857645 0.58252427184466 0.0742942050520059 0.677506775067751 0.0797448165869219 0 0.0871839581517001 0.116959064327485 0.235849056603774 0.37397157816006 0 0.159235668789809 0.210703750526759 0.342857142857143
"those" 0.100300902708124 0.0564015792442188 0.0878734622144113 0.58252427184466 0.445765230312036 0.13550135501355 0.159489633173844 0.126262626262626 0.2615518744551 0.116959064327485 0.294811320754717 0.37397157816006 0 0.0796178343949045 0.337126000842815 0.342857142857143
"justice" 0.300902708124373 0.282007896221094 0.0878734622144113 0.258899676375405 0.37147102526003 0.5420054200542 0.318979266347687 0 0.0871839581517001 0.350877192982456 0.117924528301887 0.149588631264024 0.182481751824818 0.0796178343949045 0.294985250737463 0.114285714285714
"should" 0 0 0.175746924428823 0.258899676375405 0.222882615156018 0.13550135501355 0.0797448165869219 0.252525252525253 0 0 0.766509433962264 0.37397157816006 0.304136253041363 0.318471337579618 0.210703750526759 0.114285714285714
"these" 0.200601805416249 0.338409475465313 0.351493848857645 0.323624595469256 0 0.13550135501355 0.398724082934609 0 0.1743679163034 0.233918128654971 0.235849056603774 0.149588631264024 0.0608272506082725 0.238853503184713 0.337126000842815 0.114285714285714
"power" 0 0.112803158488438 0.0878734622144113 0.323624595469256 0.222882615156018 0.13550135501355 0.398724082934609 0 0.1743679163034 0 0.294811320754717 0.074794315632012 0.121654501216545 0.477707006369427 0.337126000842815 0.457142857142857
"even" 0.300902708124373 0.338409475465313 0.175746924428823 0.258899676375405 0.148588410104012 0 0 0 0.1743679163034 0.350877192982456 0.294811320754717 0.299177262528048 0.182481751824818 0.238853503184713 0.252844500632111 0.114285714285714
"its" 0.300902708124373 0.394811054709532 0.439367311072056 0.194174757281553 0.297176820208024 0.13550135501355 0.159489633173844 0.126262626262626 0 0 0.294811320754717 0 0.24330900243309 0 0.337126000842815 0.114285714285714
"cases" 0.300902708124373 0.394811054709532 0.263620386643234 0.0647249190938511 0.222882615156018 0 0.239234449760766 0 0.1743679163034 0 0.235849056603774 0.074794315632012 0.182481751824818 0 0.505689001264222 0
"some" 0.100300902708124 0.451212633953751 0.0878734622144113 0.323624595469256 0.148588410104012 0 0.159489633173844 0.252525252525253 0.0871839581517001 0 0.35377358490566 0.224382946896036 0.304136253041363 0.159235668789809 0.126422250316056 0.114285714285714
"two" 0.401203610832498 0.338409475465313 0.351493848857645 0.323624595469256 0.222882615156018 0.13550135501355 0.0797448165869219 0 0.0871839581517001 0.116959064327485 0.117924528301887 0 0.364963503649635 0.159235668789809 0.168563000421408 0.228571428571429
"punishment" 0.100300902708124 0.112803158488438 0 0 0.0742942050520059 0.13550135501355 0.159489633173844 0 0.959023539668701 0 0.0589622641509434 0.149588631264024 0 0.159235668789809 0.67425200168563 0.228571428571429
"she" 1.40421263791374 0.0564015792442188 0.0878734622144113 0 0.520059435364042 0.813008130081301 0.398724082934609 0 0 0 0 0 0.364963503649635 0 0 0
"against" 0.100300902708124 0.451212633953751 0.263620386643234 0.258899676375405 0 0 0.318979266347687 0.126262626262626 0.4359197907585 0 0.0589622641509434 0.37397157816006 0.0608272506082725 0.159235668789809 0.126422250316056 0.114285714285714
"do" 0 0.169204737732657 0.351493848857645 0.0647249190938511 0.222882615156018 0.40650406504065 0.239234449760766 1.01010101010101 0 0.116959064327485 0.17688679245283 0.224382946896036 0.182481751824818 0 0.0842815002107038 0.228571428571429
"only" 0.100300902708124 0.112803158488438 0.263620386643234 0.129449838187702 0.297176820208024 0.2710027100271 0.0797448165869219 0.378787878787879 0.2615518744551 0.233918128654971 0.117924528301887 0.299177262528048 0.121654501216545 0 0.252844500632111 0.228571428571429
"much" 0.100300902708124 0.225606316976875 0.0878734622144113 0 0.148588410104012 0.13550135501355 0.0797448165869219 0.505050505050505 0 0.350877192982456 0.235849056603774 0.299177262528048 0 0.398089171974522 0.168563000421408 0.457142857142857
"without" 0 0.225606316976875 0.0878734622144113 0.0647249190938511 0.222882615156018 0 0.0797448165869219 0.126262626262626 0.4359197907585 0.116959064327485 0.117924528301887 0.074794315632012 0.0608272506082725 0.159235668789809 0.463548251158871 0.457142857142857
"evidence" 0.501504513540622 0.0564015792442188 0.0878734622144113 0.711974110032362 0 0.2710027100271 0.239234449760766 0 0 0 0 0.448765893792072 0.121654501216545 0 0.0421407501053519 0.571428571428571
"mr" 0.100300902708124 0 0.0878734622144113 0.517799352750809 0.148588410104012 0.40650406504065 0.398724082934609 0.126262626262626 0.2615518744551 0 0.117924528301887 0 0.121654501216545 0 0.168563000421408 0.457142857142857
"being" 0 0.282007896221094 0.351493848857645 0.129449838187702 0.222882615156018 0.40650406504065 0.0797448165869219 0 0.2615518744551 0.116959064327485 0.0589622641509434 0.074794315632012 0 0.318471337579618 0.126422250316056 0.342857142857143
"himself" 0 0 0.263620386643234 0.0647249190938511 0.445765230312036 0 0 0 0.1743679163034 0.467836257309941 0 0.598354525056096 0.182481751824818 0.238853503184713 0.0842815002107038 0.114285714285714
"may" 0 0.169204737732657 0.175746924428823 0.0647249190938511 0.148588410104012 0 0.159489633173844 0.252525252525253 0 0 0.471698113207547 0.224382946896036 0.24330900243309 0.318471337579618 0.0842815002107038 0
"made" 0.200601805416249 0.0564015792442188 0.0878734622144113 0.129449838187702 0 0 0 0.378787878787879 0 0.350877192982456 0.235849056603774 0.224382946896036 0.24330900243309 0.159235668789809 0.252844500632111 0.114285714285714
"can" 0 0.112803158488438 0.0878734622144113 0.388349514563107 0.297176820208024 0 0.239234449760766 0.126262626262626 0.2615518744551 0 0 0.074794315632012 0.304136253041363 0 0.210703750526759 0
"very" 0.100300902708124 0.50761421319797 0.263620386643234 0.0647249190938511 0.148588410104012 0.13550135501355 0.0797448165869219 0.252525252525253 0.3487358326068 0 0.0589622641509434 0.074794315632012 0.0608272506082725 0.238853503184713 0.0421407501053519 0
"court" 0 0.0564015792442188 0 0 0.148588410104012 0 0.0797448165869219 0 0.0871839581517001 0.233918128654971 0.117924528301887 0.224382946896036 0.912408759124088 0.0796178343949045 0.0421407501053519 0.114285714285714
"must" 0 0.112803158488438 0.263620386643234 0.194174757281553 0.0742942050520059 0 0.0797448165869219 0.505050505050505 0.1743679163034 0.116959064327485 0 0.224382946896036 0.24330900243309 0.159235668789809 0.168563000421408 0
"upon" 0 0.0564015792442188 0.175746924428823 0.129449838187702 0.297176820208024 0.13550135501355 0.0797448165869219 0 0 0.233918128654971 0.117924528301887 0.37397157816006 0.0608272506082725 0.238853503184713 0.210703750526759 0
"every" 0 0.338409475465313 0 0.0647249190938511 0.0742942050520059 0 0.398724082934609 0.126262626262626 0.0871839581517001 0.350877192982456 0.117924528301887 0.37397157816006 0.0608272506082725 0 0.0421407501053519 0.114285714285714
"said" 0.300902708124373 0.0564015792442188 0.351493848857645 0.129449838187702 0.0742942050520059 0.5420054200542 0.398724082934609 0.126262626262626 0.0871839581517001 0 0 0.074794315632012 0.0608272506082725 0.159235668789809 0 0.228571428571429
"after" 0.501504513540622 0.169204737732657 0.175746924428823 0.129449838187702 0 0.2710027100271 0.0797448165869219 0.126262626262626 0.1743679163034 0.116959064327485 0 0.074794315632012 0.121654501216545 0 0.0421407501053519 0.457142857142857
"before" 0.401203610832498 0.0564015792442188 0.175746924428823 0 0.148588410104012 0.40650406504065 0.159489633173844 0 0 0.233918128654971 0.17688679245283 0.149588631264024 0.182481751824818 0.0796178343949045 0.0421407501053519 0
"our" 0.300902708124373 0.0564015792442188 0.0878734622144113 0.258899676375405 0 0.2710027100271 0.0797448165869219 0 0.2615518744551 0.467836257309941 0.117924528301887 0.299177262528048 0 0 0.0421407501053519 0
"own" 0 0.0564015792442188 0.175746924428823 0.0647249190938511 0.0742942050520059 0 0.159489633173844 0 0.0871839581517001 0.116959064327485 0.117924528301887 0.149588631264024 0.121654501216545 0.0796178343949045 0.210703750526759 0.571428571428571
"could" 0.200601805416249 0.0564015792442188 0.0878734622144113 0.0647249190938511 0.148588410104012 0.13550135501355 0.239234449760766 0 0.0871839581517001 0.233918128654971 0.0589622641509434 0 0.24330900243309 0.0796178343949045 0.168563000421408 0.114285714285714
"cannot" 0 0.0564015792442188 0.0878734622144113 0.194174757281553 0.0742942050520059 0 0 0.126262626262626 0 0.116959064327485 0.17688679245283 0.074794315632012 0.0608272506082725 0.398089171974522 0.168563000421408 0.228571428571429
"child" 0.200601805416249 0.225606316976875 0 0 0.74294205052006 0 0.159489633173844 0 0 0 0.0589622641509434 0 0.0608272506082725 0 0.0421407501053519 0.342857142857143
"given" 0.100300902708124 0.112803158488438 0 0.129449838187702 0 0 0.318979266347687 0.378787878787879 0.0871839581517001 0.116959064327485 0.117924528301887 0.149588631264024 0.0608272506082725 0.0796178343949045 0.126422250316056 0.114285714285714
"moral" 0 0.394811054709532 0 0.0647249190938511 0.0742942050520059 0 0 0 0.4359197907585 0.116959064327485 0.0589622641509434 0 0 0.0796178343949045 0.210703750526759 0.228571428571429
"people" 0.100300902708124 0 0 0.0647249190938511 0 0 0.0797448165869219 0.126262626262626 0.0871839581517001 0.584795321637427 0.117924528301887 0.37397157816006 0 0.159235668789809 0.126422250316056 0.228571428571429
"whom" 0 0.0564015792442188 0.0878734622144113 0.129449838187702 0.0742942050520059 0 0.159489633173844 0 0 0.350877192982456 0.117924528301887 0.37397157816006 0.121654501216545 0.238853503184713 0.0421407501053519 0.114285714285714
"you" 0 0 0 0 0 0 0 2.27272727272727 0 0 0 0 0.182481751824818 0.238853503184713 0 0
"brutality" 0.200601805416249 0.169204737732657 0 0.194174757281553 0.0742942050520059 0 0.0797448165869219 0 0.0871839581517001 0.116959064327485 0.17688679245283 0.074794315632012 0 0.159235668789809 0.126422250316056 0.228571428571429
"labour" 0 0 0 0 0 0 0.0797448165869219 1.13636363636364 0.0871839581517001 0 0 0 0.0608272506082725 0 0.463548251158871 0
"life" 0 0.112803158488438 0.0878734622144113 0 0.148588410104012 0.13550135501355 0.159489633173844 0.126262626262626 0 0.350877192982456 0.117924528301887 0.224382946896036 0 0 0.126422250316056 0.342857142857143
"mother" 0.100300902708124 0 0 0 0.148588410104012 0 0 0 0 0 0 0 1.21654501216545 0 0 0
"over" 0 0.0564015792442188 0 0.129449838187702 0.520059435364042 0 0.159489633173844 0 0.0871839581517001 0.233918128654971 0.235849056603774 0.074794315632012 0.0608272506082725 0.0796178343949045 0 0.114285714285714
"imprisonment" 0.100300902708124 0.169204737732657 0 0 0.0742942050520059 0 0 0 0.2615518744551 0 0.117924528301887 0 0 0.0796178343949045 0.463548251158871 0
"now" 0 0.282007896221094 0 0 0 0 0.0797448165869219 0 0 0.467836257309941 0.117924528301887 0.224382946896036 0.121654501216545 0.0796178343949045 0.168563000421408 0
"wife" 0 0 0 0 0.0742942050520059 0.2710027100271 0.637958532695375 0 0 0 0.294811320754717 0 0 0.477707006369427 0 0
"both" 0.200601805416249 0.112803158488438 0.351493848857645 0.388349514563107 0 0.13550135501355 0.159489633173844 0 0.0871839581517001 0 0 0 0.0608272506082725 0 0.0842815002107038 0
"magistrate" 0.100300902708124 0.225606316976875 0 0 0.445765230312036 0 0.0797448165869219 0 0.1743679163034 0 0.0589622641509434 0 0 0.318471337579618 0.0842815002107038 0
"nothing" 0 0.0564015792442188 0.527240773286467 0 0 0 0.159489633173844 0.378787878787879 0.1743679163034 0.116959064327485 0 0.074794315632012 0 0 0.0842815002107038 0.342857142857143
"person" 0.100300902708124 0.169204737732657 0.263620386643234 0.194174757281553 0.0742942050520059 0 0.159489633173844 0.126262626262626 0.0871839581517001 0 0.117924528301887 0 0.182481751824818 0 0.0421407501053519 0
"under" 0.100300902708124 0.112803158488438 0.263620386643234 0.194174757281553 0 0.40650406504065 0 0.126262626262626 0 0 0.17688679245283 0 0.182481751824818 0.0796178343949045 0.0421407501053519 0
"woman" 0.300902708124373 0.282007896221094 0 0 0.148588410104012 0.13550135501355 0.478468899521531 0 0 0 0.0589622641509434 0 0 0.0796178343949045 0.0842815002107038 0
"yet" 0.100300902708124 0.112803158488438 0.0878734622144113 0 0 0 0.159489633173844 0.252525252525253 0.2615518744551 0 0.294811320754717 0.074794315632012 0.0608272506082725 0.0796178343949045 0.0842815002107038 0
"another" 0.100300902708124 0.169204737732657 0 0.194174757281553 0 0.13550135501355 0 0.252525252525253 0.2615518744551 0 0.17688679245283 0 0.0608272506082725 0 0.126422250316056 0
"because" 0 0 0.0878734622144113 0.0647249190938511 0 0.13550135501355 0 0.252525252525253 0.4359197907585 0 0 0.074794315632012 0 0.477707006369427 0.0421407501053519 0.228571428571429
"jury" 0.200601805416249 0 0.263620386643234 0.0647249190938511 0.0742942050520059 0.2710027100271 0.318979266347687 0 0 0.350877192982456 0.0589622641509434 0.074794315632012 0 0 0 0.228571428571429
"men" 0 0.112803158488438 0.263620386643234 0 0.0742942050520059 0.13550135501355 0.0797448165869219 0 0.0871839581517001 0.350877192982456 0.0589622641509434 0.074794315632012 0 0 0.0421407501053519 0.571428571428571
"opinion" 0 0.169204737732657 0.175746924428823 0.258899676375405 0 0 0 0 0.0871839581517001 0 0.117924528301887 0.074794315632012 0.0608272506082725 0 0.0842815002107038 0.457142857142857
"ought" 0 0.0564015792442188 0.175746924428823 0.129449838187702 0.222882615156018 0.2710027100271 0.239234449760766 0 0 0 0.0589622641509434 0 0.121654501216545 0.0796178343949045 0.126422250316056 0
"thought" 0.100300902708124 0 0 0.0647249190938511 0.148588410104012 0 0 0 0.0871839581517001 0.350877192982456 0 0.299177262528048 0.0608272506082725 0.477707006369427 0 0.114285714285714
"cause" 0 0.112803158488438 0.263620386643234 0.647249190938511 0 0 0 0.126262626262626 0 0.116959064327485 0.0589622641509434 0 0.0608272506082725 0 0 0
"criminal" 0.100300902708124 0 0.0878734622144113 0 0 0 0.239234449760766 0 0.2615518744551 0.116959064327485 0.235849056603774 0 0 0 0.252844500632111 0
"day" 0.200601805416249 0.282007896221094 0.0878734622144113 0.0647249190938511 0 0 0.159489633173844 0 0.0871839581517001 0 0.0589622641509434 0 0 0 0.168563000421408 0.228571428571429
"legal" 0 0 0 0.129449838187702 0.222882615156018 0 0.0797448165869219 0 0 0.116959064327485 0.35377358490566 0 0.304136253041363 0 0 0.114285714285714
"like" 0.100300902708124 0 0.0878734622144113 0 0.0742942050520059 0.13550135501355 0.0797448165869219 0 0.0871839581517001 0.350877192982456 0.0589622641509434 0.224382946896036 0 0.238853503184713 0 0.342857142857143
"proved" 0 0.112803158488438 0 0.388349514563107 0.0742942050520059 0.13550135501355 0.0797448165869219 0 0 0.233918128654971 0.17688679245283 0.074794315632012 0 0.0796178343949045 0.0421407501053519 0
"think" 0 0 0 0 0 0 0.0797448165869219 0.126262626262626 0 0.467836257309941 0 0.598354525056096 0.121654501216545 0.238853503184713 0 0
"though" 0.200601805416249 0.0564015792442188 0.0878734622144113 0.129449838187702 0.148588410104012 0.13550135501355 0.0797448165869219 0 0.0871839581517001 0 0.17688679245283 0.074794315632012 0 0 0.126422250316056 0.114285714285714
"up" 0.200601805416249 0.112803158488438 0 0.0647249190938511 0.148588410104012 0.2710027100271 0.0797448165869219 0.252525252525253 0.0871839581517001 0 0.0589622641509434 0.074794315632012 0.182481751824818 0 0 0.114285714285714
"about" 0.401203610832498 0.0564015792442188 0.175746924428823 0 0 0.13550135501355 0 0 0 0 0 0.074794315632012 0.0608272506082725 0.238853503184713 0.210703750526759 0
"does" 0.100300902708124 0.112803158488438 0.175746924428823 0.0647249190938511 0.0742942050520059 0.13550135501355 0 0 0.0871839581517001 0 0.0589622641509434 0.074794315632012 0.0608272506082725 0.0796178343949045 0.0842815002107038 0.342857142857143
"might" 0.200601805416249 0 0 0 0.148588410104012 0 0 0.126262626262626 0.0871839581517001 0.233918128654971 0.117924528301887 0.224382946896036 0.121654501216545 0.0796178343949045 0 0.228571428571429
"offence" 0.100300902708124 0.0564015792442188 0.0878734622144113 0 0 0.13550135501355 0.159489633173844 0 0.5231037489102 0 0.117924528301887 0.149588631264024 0 0.0796178343949045 0.0421407501053519 0
"part" 0 0 0 0 0.0742942050520059 0 0.159489633173844 0.126262626262626 0 0 0.0589622641509434 0.074794315632012 0 0.238853503184713 0.294985250737463 0.228571428571429
"police" 0.100300902708124 0.225606316976875 0 0 0.148588410104012 0 0 0 0.4359197907585 0 0 0 0 0 0.210703750526759 0.114285714285714
"public" 0 0.112803158488438 0.0878734622144113 0.129449838187702 0.0742942050520059 0.677506775067751 0 0 0 0 0.0589622641509434 0.074794315632012 0.0608272506082725 0.0796178343949045 0.0421407501053519 0.228571428571429
"state" 0.100300902708124 0.112803158488438 0.175746924428823 0.258899676375405 0.0742942050520059 0.13550135501355 0.0797448165869219 0 0 0.116959064327485 0.17688679245283 0.074794315632012 0.0608272506082725 0 0 0
"victim" 0.200601805416249 0.225606316976875 0 0.258899676375405 0 0.40650406504065 0 0 0 0 0.294811320754717 0 0 0 0 0
"brutal" 0.100300902708124 0.112803158488438 0 0.0647249190938511 0.0742942050520059 0 0.0797448165869219 0 0.3487358326068 0 0.0589622641509434 0 0 0.238853503184713 0.0842815002107038 0.114285714285714
"crime" 0.200601805416249 0.0564015792442188 0 0.0647249190938511 0 0 0.239234449760766 0 0.1743679163034 0.233918128654971 0 0.149588631264024 0 0.0796178343949045 0.126422250316056 0
"did" 0 0.112803158488438 0.0878734622144113 0.0647249190938511 0 0.13550135501355 0.0797448165869219 0 0 0.350877192982456 0 0.299177262528048 0 0.0796178343949045 0.0421407501053519 0.228571428571429
"either" 0 0.338409475465313 0 0.129449838187702 0.148588410104012 0 0.0797448165869219 0 0 0 0.117924528301887 0 0.0608272506082725 0.159235668789809 0.0421407501053519 0
"enough" 0.200601805416249 0.112803158488438 0.175746924428823 0.0647249190938511 0.0742942050520059 0 0.0797448165869219 0 0.0871839581517001 0 0 0.074794315632012 0 0.398089171974522 0.0421407501053519 0
"father" 0 0 0 0 0.297176820208024 0 0 0 0 0 0.0589622641509434 0 0.72992700729927 0 0 0
"human" 0 0.0564015792442188 0.0878734622144113 0 0.222882615156018 0.13550135501355 0 0 0.1743679163034 0.233918128654971 0.117924528301887 0 0 0.159235668789809 0.0421407501053519 0.228571428571429
"murder" 0.200601805416249 0.0564015792442188 0 0.194174757281553 0 0.5420054200542 0.0797448165869219 0 0 0 0.35377358490566 0 0 0 0 0
"themselves" 0.100300902708124 0.0564015792442188 0.175746924428823 0.258899676375405 0 0 0.0797448165869219 0 0 0.233918128654971 0.17688679245283 0.149588631264024 0 0 0.0421407501053519 0
"violence" 0.100300902708124 0.338409475465313 0 0.0647249190938511 0 0 0 0 0.1743679163034 0 0.17688679245283 0 0 0 0.126422250316056 0.114285714285714
"well" 0 0 0.0878734622144113 0 0.222882615156018 0.13550135501355 0.159489633173844 0 0.3487358326068 0.116959064327485 0.0589622641509434 0.074794315632012 0 0 0.126422250316056 0
"act" 0 0 0 0 0 0 0.0797448165869219 0 0.1743679163034 0.116959064327485 0.117924528301887 0.074794315632012 0 0.159235668789809 0.294985250737463 0
"almost" 0 0.112803158488438 0.0878734622144113 0 0 0.13550135501355 0.0797448165869219 0 0.0871839581517001 0.116959064327485 0.17688679245283 0.074794315632012 0 0 0.126422250316056 0.228571428571429
"ever" 0.200601805416249 0.0564015792442188 0.175746924428823 0.0647249190938511 0.148588410104012 0.13550135501355 0 0 0.2615518744551 0 0.235849056603774 0 0 0 0 0
"good" 0.100300902708124 0 0 0 0 0 0 0.378787878787879 0.4359197907585 0 0.117924528301887 0 0.0608272506082725 0.0796178343949045 0.126422250316056 0
"inflicted" 0.200601805416249 0.0564015792442188 0 0.194174757281553 0.0742942050520059 0 0 0 0.1743679163034 0.116959064327485 0 0.074794315632012 0 0 0.168563000421408 0.114285714285714
"kind" 0 0.112803158488438 0.175746924428823 0 0.148588410104012 0 0 0.126262626262626 0.1743679163034 0.233918128654971 0.0589622641509434 0.149588631264024 0 0.0796178343949045 0.0421407501053519 0
"last" 0.100300902708124 0.112803158488438 0 0.0647249190938511 0.297176820208024 0.13550135501355 0 0.126262626262626 0.0871839581517001 0 0 0.074794315632012 0.0608272506082725 0.0796178343949045 0.0421407501053519 0.114285714285714
"many" 0.100300902708124 0.112803158488438 0 0.129449838187702 0.0742942050520059 0 0 0.252525252525253 0.0871839581517001 0.233918128654971 0.0589622641509434 0.074794315632012 0 0.0796178343949045 0.0421407501053519 0.114285714285714
"means" 0.200601805416249 0.0564015792442188 0.0878734622144113 0.0647249190938511 0.0742942050520059 0.13550135501355 0.0797448165869219 0.252525252525253 0.0871839581517001 0.116959064327485 0.117924528301887 0.074794315632012 0 0.0796178343949045 0 0
"others" 0.100300902708124 0 0 0.194174757281553 0.222882615156018 0.13550135501355 0 0.378787878787879 0 0 0.0589622641509434 0 0 0.159235668789809 0.0421407501053519 0.114285714285714
"out" 0 0.225606316976875 0 0.129449838187702 0.148588410104012 0 0 0 0.1743679163034 0 0.117924528301887 0.074794315632012 0.121654501216545 0 0.0421407501053519 0
"present" 0 0.0564015792442188 0.0878734622144113 0 0.148588410104012 0.13550135501355 0.0797448165869219 0 0.0871839581517001 0 0.117924528301887 0.074794315632012 0.0608272506082725 0 0.168563000421408 0.114285714285714
"same" 0.100300902708124 0.112803158488438 0.0878734622144113 0 0.0742942050520059 0.13550135501355 0.0797448165869219 0.505050505050505 0 0 0.235849056603774 0 0 0.0796178343949045 0 0
"take" 0.100300902708124 0 0.0878734622144113 0 0.222882615156018 0.13550135501355 0 0.126262626262626 0.0871839581517001 0 0.17688679245283 0.074794315632012 0.0608272506082725 0.0796178343949045 0.0421407501053519 0.114285714285714
"time" 0.100300902708124 0.0564015792442188 0 0.129449838187702 0.0742942050520059 0.13550135501355 0.0797448165869219 0 0.0871839581517001 0.233918128654971 0 0.149588631264024 0.0608272506082725 0.0796178343949045 0.0842815002107038 0
"years" 0 0.169204737732657 0.0878734622144113 0 0.148588410104012 0 0.0797448165869219 0 0.1743679163034 0.116959064327485 0.0589622641509434 0 0 0.0796178343949045 0.0421407501053519 0.342857142857143
"amount" 0 0.169204737732657 0 0 0.0742942050520059 0.13550135501355 0.0797448165869219 0 0 0 0.235849056603774 0.074794315632012 0.0608272506082725 0 0.126422250316056 0
"brought" 0 0.0564015792442188 0 0 0.0742942050520059 0.13550135501355 0 0 0.0871839581517001 0.233918128654971 0.0589622641509434 0.074794315632012 0.24330900243309 0 0.126422250316056 0
"far" 0.100300902708124 0.112803158488438 0.263620386643234 0.0647249190938511 0 0 0.0797448165869219 0.126262626262626 0 0 0 0.224382946896036 0 0.0796178343949045 0.0842815002107038 0
"having" 0.100300902708124 0 0.263620386643234 0 0.148588410104012 0 0.0797448165869219 0 0 0.116959064327485 0.0589622641509434 0.149588631264024 0.182481751824818 0.0796178343949045 0 0
"how" 0.200601805416249 0.0564015792442188 0.0878734622144113 0.129449838187702 0.0742942050520059 0.13550135501355 0.0797448165869219 0 0.0871839581517001 0.233918128654971 0 0.074794315632012 0 0 0.0421407501053519 0.114285714285714
"penalty" 0 0.112803158488438 0 0 0 0 0.0797448165869219 0 0.1743679163034 0 0 0 0 0.318471337579618 0.252844500632111 0
"persons" 0 0.225606316976875 0 0 0 0 0.159489633173844 0.252525252525253 0.1743679163034 0 0.117924528301887 0 0 0 0 0.342857142857143
"prisoner" 0.100300902708124 0 0 0.0647249190938511 0 0.2710027100271 0.318979266347687 0 0 0 0 0.074794315632012 0 0.0796178343949045 0.0842815002107038 0.342857142857143
"subject" 0 0.112803158488438 0.0878734622144113 0 0.0742942050520059 0 0.0797448165869219 0.126262626262626 0.3487358326068 0 0.17688679245283 0 0.0608272506082725 0 0 0.114285714285714
"while" 0 0.169204737732657 0.0878734622144113 0 0 0 0 0.252525252525253 0.3487358326068 0 0 0 0.121654501216545 0 0.0842815002107038 0.114285714285714
"done" 0.100300902708124 0 0 0 0.0742942050520059 0 0.0797448165869219 0.126262626262626 0 0 0.235849056603774 0.074794315632012 0.0608272506082725 0.0796178343949045 0.126422250316056 0
"first" 0 0 0.0878734622144113 0.0647249190938511 0.148588410104012 0.13550135501355 0 0 0 0 0.17688679245283 0 0.0608272506082725 0.159235668789809 0.0842815002107038 0.114285714285714
"into" 0.100300902708124 0.112803158488438 0.0878734622144113 0 0.148588410104012 0 0.0797448165869219 0.126262626262626 0 0.116959064327485 0.0589622641509434 0.074794315632012 0 0.0796178343949045 0.0842815002107038 0
"judge" 0 0 0.0878734622144113 0.323624595469256 0.0742942050520059 0.13550135501355 0.159489633173844 0 0 0 0 0 0.121654501216545 0 0 0.228571428571429
"lord" 0 0 0 0 0 0 0 0 0 0 0 0 0.0608272506082725 0.636942675159236 0 0.571428571428571
"magistrates" 0.100300902708124 0.0564015792442188 0 0 0.0742942050520059 0 0 0 0.1743679163034 0 0.0589622641509434 0 0 0 0.252844500632111 0.228571428571429
"never" 0.200601805416249 0.0564015792442188 0.0878734622144113 0 0 0.40650406504065 0.0797448165869219 0 0 0.233918128654971 0 0.149588631264024 0.0608272506082725 0 0 0.114285714285714
"say" 0 0.0564015792442188 0.439367311072056 0.0647249190938511 0 0 0.0797448165869219 0.252525252525253 0 0 0 0.074794315632012 0.0608272506082725 0 0 0.228571428571429
"sufficient" 0 0 0 0.323624595469256 0 0 0.159489633173844 0 0 0 0.0589622641509434 0.074794315632012 0 0.159235668789809 0.126422250316056 0
"acts" 0 0.112803158488438 0.0878734622144113 0.258899676375405 0 0 0 0 0 0.116959064327485 0.0589622641509434 0.074794315632012 0 0.0796178343949045 0.0842815002107038 0
"crimes" 0.100300902708124 0.225606316976875 0 0 0 0.13550135501355 0.0797448165869219 0 0 0.233918128654971 0.0589622641509434 0.074794315632012 0 0 0.0842815002107038 0
"effect" 0 0.282007896221094 0 0.129449838187702 0 0 0 0 0 0 0.0589622641509434 0 0 0 0.168563000421408 0.114285714285714
"however" 0 0.0564015792442188 0.175746924428823 0.194174757281553 0.148588410104012 0.13550135501355 0 0 0 0 0.0589622641509434 0.074794315632012 0.0608272506082725 0 0.0421407501053519 0
"make" 0 0 0.0878734622144113 0 0.0742942050520059 0 0 0.252525252525253 0.0871839581517001 0 0.0589622641509434 0.074794315632012 0.182481751824818 0.0796178343949045 0.0842815002107038 0
"months" 0.100300902708124 0.225606316976875 0 0 0.0742942050520059 0.13550135501355 0.0797448165869219 0 0.1743679163034 0 0.0589622641509434 0 0 0 0.0842815002107038 0
"trial" 0.200601805416249 0.112803158488438 0.0878734622144113 0.194174757281553 0 0.13550135501355 0.159489633173844 0 0 0.116959064327485 0 0 0 0 0.0421407501053519 0
"anything" 0.200601805416249 0 0.0878734622144113 0 0.222882615156018 0 0 0.252525252525253 0 0 0 0 0.121654501216545 0.0796178343949045 0 0.114285714285714
"committed" 0.100300902708124 0.0564015792442188 0.0878734622144113 0.0647249190938511 0 0.13550135501355 0.159489633173844 0 0.1743679163034 0.116959064327485 0 0.074794315632012 0 0.0796178343949045 0 0
"died" 0.200601805416249 0.0564015792442188 0.175746924428823 0.129449838187702 0 0.2710027100271 0 0 0 0 0 0 0.121654501216545 0 0.0421407501053519 0
"domestic" 0 0.225606316976875 0 0.0647249190938511 0 0 0.159489633173844 0 0.0871839581517001 0 0.17688679245283 0 0 0 0.0421407501053519 0
"general" 0 0.112803158488438 0.0878734622144113 0.129449838187702 0 0 0 0 0 0 0.235849056603774 0 0 0.0796178343949045 0.0421407501053519 0.114285714285714
"guardian" 0 0 0 0 0 0 0 0 0 0 0 0 0.669099756690998 0 0 0.114285714285714
"i" 0 0 0 0.0647249190938511 0 0.13550135501355 0 1.13636363636364 0 0 0 0 0 0.0796178343949045 0 0
"medical" 0 0 0.790861159929701 0.194174757281553 0 0 0 0 0 0 0 0 0 0 0 0
"place" 0 0 0.351493848857645 0 0 0.13550135501355 0 0 0 0.116959064327485 0 0.149588631264024 0.0608272506082725 0.159235668789809 0.0421407501053519 0
"question" 0.100300902708124 0.0564015792442188 0.0878734622144113 0 0 0 0 0 0.1743679163034 0 0.17688679245283 0 0.182481751824818 0 0.0421407501053519 0
"report" 0.200601805416249 0 0.0878734622144113 0.129449838187702 0.0742942050520059 0.13550135501355 0.0797448165869219 0 0.0871839581517001 0 0 0 0.121654501216545 0.0796178343949045 0 0
"rights" 0 0 0 0 0.297176820208024 0 0 0 0 0 0.17688679245283 0 0.304136253041363 0 0 0
"whether" 0.200601805416249 0.0564015792442188 0.0878734622144113 0.129449838187702 0 0 0.0797448165869219 0.126262626262626 0 0 0 0.074794315632012 0.121654501216545 0 0 0.114285714285714
"whole" 0.100300902708124 0.169204737732657 0.0878734622144113 0.0647249190938511 0 0 0.159489633173844 0.126262626262626 0.0871839581517001 0 0 0 0 0.159235668789809 0 0
"worst" 0.100300902708124 0.169204737732657 0 0.194174757281553 0 0 0.159489633173844 0 0.0871839581517001 0 0 0 0 0.0796178343949045 0.0421407501053519 0
"appears" 0.100300902708124 0 0.0878734622144113 0 0.148588410104012 0 0.0797448165869219 0.126262626262626 0 0.116959064327485 0 0.074794315632012 0.121654501216545 0 0.0421407501053519 0
"character" 0 0.0564015792442188 0 0 0 0 0 0 0.0871839581517001 0.233918128654971 0 0.149588631264024 0 0 0.0842815002107038 0.342857142857143
"doubt" 0.100300902708124 0.0564015792442188 0 0.129449838187702 0 0 0.159489633173844 0 0 0.116959064327485 0.117924528301887 0.074794315632012 0 0.0796178343949045 0 0
"education" 0 0.112803158488438 0 0 0 0 0 0.126262626262626 0 0 0 0 0.0608272506082725 0 0.294985250737463 0
"fine" 0 0.0564015792442188 0 0 0 0 0 0 0.0871839581517001 0 0.0589622641509434 0 0 0.318471337579618 0.168563000421408 0
"flogging" 0.200601805416249 0 0 0 0 0 0 0 0.2615518744551 0 0 0.074794315632012 0 0 0.126422250316056 0.228571428571429
"found" 0.100300902708124 0.169204737732657 0 0.323624595469256 0 0 0 0 0 0 0 0.074794315632012 0 0.0796178343949045 0 0
"generally" 0.100300902708124 0.0564015792442188 0 0.0647249190938511 0.0742942050520059 0 0.0797448165869219 0.126262626262626 0 0.116959064327485 0.0589622641509434 0.074794315632012 0 0 0.0842815002107038 0
"girl" 0.702106318956871 0 0 0.194174757281553 0.0742942050520059 0 0 0 0 0 0 0 0 0 0 0
"house" 0.200601805416249 0.0564015792442188 0 0.0647249190938511 0 0.2710027100271 0.0797448165869219 0 0 0 0 0 0.0608272506082725 0.159235668789809 0 0.114285714285714
"let" 0 0.0564015792442188 0 0.0647249190938511 0 0 0 0 0 0.233918128654971 0 0.149588631264024 0.0608272506082725 0.238853503184713 0.0421407501053519 0
"maltreatment" 0 0.169204737732657 0 0.194174757281553 0 0 0 0 0 0 0.235849056603774 0 0 0 0.0421407501053519 0
"nor" 0.100300902708124 0 0 0.129449838187702 0 0 0 0 0 0.116959064327485 0.117924528301887 0.074794315632012 0.0608272506082725 0 0.126422250316056 0
"personal" 0.100300902708124 0.112803158488438 0 0 0 0 0 0 0.2615518744551 0 0.0589622641509434 0 0 0 0.126422250316056 0.114285714285714
"prisoners" 0.100300902708124 0 0 0.453074433656958 0 0 0 0.252525252525253 0 0 0 0 0 0 0.0421407501053519 0
"property" 0.100300902708124 0.112803158488438 0 0 0 0 0 0 0.3487358326068 0 0.117924528301887 0 0.0608272506082725 0 0.0421407501053519 0
"see" 0 0 0 0.0647249190938511 0.148588410104012 0.13550135501355 0 0.126262626262626 0 0 0 0.074794315632012 0.0608272506082725 0.0796178343949045 0.0842815002107038 0.114285714285714
"since" 0 0 0.263620386643234 0 0.222882615156018 0.13550135501355 0.0797448165869219 0.126262626262626 0 0 0 0 0 0 0.0842815002107038 0
"strength" 0 0.112803158488438 0 0.0647249190938511 0 0 0.0797448165869219 0 0.0871839581517001 0 0.0589622641509434 0.074794315632012 0.0608272506082725 0.0796178343949045 0.0842815002107038 0
"too" 0.100300902708124 0.0564015792442188 0.0878734622144113 0.129449838187702 0.148588410104012 0 0 0 0.0871839581517001 0 0.0589622641509434 0 0 0.0796178343949045 0.0421407501053519 0
"tried" 0 0.112803158488438 0 0 0 0.40650406504065 0.0797448165869219 0 0 0 0.17688679245283 0.074794315632012 0 0 0.0421407501053519 0
"unless" 0 0.0564015792442188 0 0.0647249190938511 0 0.13550135501355 0 0 0 0 0.0589622641509434 0 0.121654501216545 0 0.210703750526759 0
"women" 0 0.0564015792442188 0 0 0.148588410104012 0 0.239234449760766 0 0 0 0.0589622641509434 0 0 0 0.168563000421408 0
"your" 0 0 0 0 0 0 0 0.757575757575758 0 0 0 0 0.24330900243309 0.0796178343949045 0 0
"administration" 0.100300902708124 0.0564015792442188 0 0 0 0 0 0 0.0871839581517001 0.116959064327485 0.117924528301887 0 0 0.0796178343949045 0.126422250316056 0
"atrocious" 0.100300902708124 0 0 0.0647249190938511 0 0.13550135501355 0.0797448165869219 0 0.0871839581517001 0.116959064327485 0.0589622641509434 0 0 0 0.0842815002107038 0.114285714285714
"between" 0 0.0564015792442188 0 0 0 0 0 0 0.0871839581517001 0.116959064327485 0 0.074794315632012 0.121654501216545 0 0.0421407501053519 0.342857142857143
"common" 0 0.112803158488438 0 0.129449838187702 0.0742942050520059 0 0 0 0 0.116959064327485 0.117924528301887 0.074794315632012 0.0608272506082725 0 0 0
"creature" 0.100300902708124 0.0564015792442188 0 0.0647249190938511 0.148588410104012 0 0.159489633173844 0 0 0 0.0589622641509434 0 0 0.159235668789809 0 0
"else" 0 0 0 0 0.0742942050520059 0 0 0.126262626262626 0.0871839581517001 0.116959064327485 0 0.074794315632012 0.24330900243309 0 0.0421407501053519 0
"facts" 0 0.0564015792442188 0 0.258899676375405 0 0 0.159489633173844 0.126262626262626 0 0 0 0 0.0608272506082725 0 0 0.114285714285714
"family" 0 0 0.0878734622144113 0 0.0742942050520059 0 0 0 0 0 0.0589622641509434 0 0.0608272506082725 0.477707006369427 0 0
"guilty" 0 0.112803158488438 0 0 0.0742942050520059 0 0.0797448165869219 0 0.0871839581517001 0.116959064327485 0 0.149588631264024 0 0.0796178343949045 0.0421407501053519 0
"long" 0.100300902708124 0.0564015792442188 0 0 0 0.13550135501355 0 0 0.0871839581517001 0.116959064327485 0.0589622641509434 0.074794315632012 0 0.0796178343949045 0.0421407501053519 0.114285714285714
"need" 0 0.0564015792442188 0 0 0.0742942050520059 0 0.239234449760766 0 0.0871839581517001 0.116959064327485 0.0589622641509434 0.074794315632012 0 0 0.0421407501053519 0
"offences" 0 0.225606316976875 0 0 0 0 0.0797448165869219 0 0.0871839581517001 0 0.0589622641509434 0 0 0 0.126422250316056 0
"old" 0 0.0564015792442188 0 0 0 0.13550135501355 0 0 0 0.116959064327485 0.117924528301887 0.074794315632012 0 0.0796178343949045 0.0842815002107038 0.114285714285714
"protection" 0 0.0564015792442188 0 0.258899676375405 0.0742942050520059 0 0.0797448165869219 0 0 0.116959064327485 0.0589622641509434 0 0 0 0.0421407501053519 0
"right" 0 0 0.0878734622144113 0 0.222882615156018 0 0 0 0 0 0.17688679245283 0 0.0608272506082725 0 0.0842815002107038 0
"seems" 0.100300902708124 0 0 0.129449838187702 0 0 0 0.126262626262626 0.0871839581517001 0 0.0589622641509434 0 0.121654501216545 0.159235668789809 0 0
"shall" 0 0 0.0878734622144113 0.0647249190938511 0.222882615156018 0 0 0.126262626262626 0 0 0 0 0.121654501216545 0 0 0.228571428571429
"society" 0 0.112803158488438 0 0 0.148588410104012 0 0 0 0 0 0 0 0.182481751824818 0.0796178343949045 0.0842815002107038 0
"therefore" 0 0 0 0.129449838187702 0 0 0.0797448165869219 0 0.0871839581517001 0 0.0589622641509434 0 0.121654501216545 0.0796178343949045 0.0842815002107038 0
"things" 0 0.112803158488438 0 0 0 0.13550135501355 0 0.126262626262626 0 0.116959064327485 0.0589622641509434 0.074794315632012 0 0.0796178343949045 0.0421407501053519 0.114285714285714
"verdict" 0 0 0.263620386643234 0 0.0742942050520059 0.2710027100271 0.0797448165869219 0 0 0.116959064327485 0.0589622641509434 0.074794315632012 0 0 0 0
"whose" 0 0.0564015792442188 0.0878734622144113 0 0 0.13550135501355 0 0 0.2615518744551 0 0.0589622641509434 0 0.121654501216545 0.0796178343949045 0 0
"wives" 0 0.0564015792442188 0 0 0 0.2710027100271 0.159489633173844 0 0.0871839581517001 0 0.17688679245283 0 0 0.0796178343949045 0 0
"body" 0.200601805416249 0 0.175746924428823 0.194174757281553 0.0742942050520059 0.13550135501355 0 0 0 0 0 0 0 0 0 0
"certain" 0 0 0 0 0.0742942050520059 0 0 0 0 0.116959064327485 0.0589622641509434 0.149588631264024 0.0608272506082725 0 0.126422250316056 0
"criminals" 0 0 0 0.0647249190938511 0 0 0 0.126262626262626 0 0.116959064327485 0 0.074794315632012 0 0 0.210703750526759 0
"duty" 0 0 0 0 0 0.13550135501355 0.239234449760766 0 0 0 0 0 0.24330900243309 0 0.0421407501053519 0
"feelings" 0 0.0564015792442188 0 0 0.222882615156018 0 0.0797448165869219 0 0 0 0.0589622641509434 0.074794315632012 0.0608272506082725 0 0.0421407501053519 0
"full" 0 0.169204737732657 0.0878734622144113 0 0 0.13550135501355 0 0 0 0 0 0 0 0.238853503184713 0 0.114285714285714
"give" 0.100300902708124 0 0 0 0.222882615156018 0 0 0.378787878787879 0 0 0 0 0 0.0796178343949045 0.0421407501053519 0
"intended" 0.200601805416249 0 0 0 0 0 0 0 0 0 0.0589622641509434 0 0.24330900243309 0 0.0842815002107038 0
"itself" 0.100300902708124 0.0564015792442188 0.0878734622144113 0 0.0742942050520059 0.13550135501355 0 0 0 0 0.0589622641509434 0 0.0608272506082725 0 0.0421407501053519 0.114285714285714
"just" 0.100300902708124 0.112803158488438 0 0.0647249190938511 0 0.13550135501355 0.0797448165869219 0 0 0.116959064327485 0.0589622641509434 0.074794315632012 0 0 0 0
"known" 0 0 0.175746924428823 0 0.222882615156018 0 0 0 0 0 0.117924528301887 0 0.0608272506082725 0 0.0421407501053519 0
"manner" 0.100300902708124 0 0 0.0647249190938511 0 0.13550135501355 0.159489633173844 0 0 0 0.0589622641509434 0.074794315632012 0.0608272506082725 0.0796178343949045 0 0
"manslaughter" 0.100300902708124 0.0564015792442188 0.175746924428823 0.0647249190938511 0 0.40650406504065 0 0 0 0 0.0589622641509434 0 0 0 0 0
"matter" 0 0.112803158488438 0 0 0.0742942050520059 0.13550135501355 0.0797448165869219 0.126262626262626 0 0 0.0589622641509434 0 0.0608272506082725 0 0.0421407501053519 0
"nature" 0 0.0564015792442188 0 0 0.0742942050520059 0 0 0 0 0 0 0.074794315632012 0.0608272506082725 0.0796178343949045 0 0.457142857142857
"physical" 0 0.112803158488438 0 0.129449838187702 0 0 0 0 0.0871839581517001 0.116959064327485 0 0 0 0.0796178343949045 0.0842815002107038 0
"poor" 0.200601805416249 0.0564015792442188 0 0.0647249190938511 0.0742942050520059 0 0 0 0 0 0.0589622641509434 0 0 0.0796178343949045 0.0421407501053519 0.114285714285714
"proof" 0 0 0.0878734622144113 0.0647249190938511 0 0.2710027100271 0.159489633173844 0 0 0.116959064327485 0 0.074794315632012 0 0 0 0.114285714285714
"reason" 0 0 0 0.0647249190938511 0.0742942050520059 0 0.0797448165869219 0 0 0 0.0589622641509434 0 0.182481751824818 0.159235668789809 0 0
"sense" 0 0.0564015792442188 0 0 0 0 0 0 0.0871839581517001 0 0.117924528301887 0 0.121654501216545 0 0.0421407501053519 0.228571428571429
"serious" 0 0 0.175746924428823 0 0.0742942050520059 0 0.0797448165869219 0 0.0871839581517001 0 0 0.074794315632012 0.0608272506082725 0 0.0421407501053519 0.114285714285714
"short" 0 0.169204737732657 0.0878734622144113 0 0.0742942050520059 0 0.0797448165869219 0 0 0 0.0589622641509434 0.074794315632012 0 0 0.0421407501053519 0
"still" 0 0.0564015792442188 0.175746924428823 0 0 0 0.0797448165869219 0.252525252525253 0.0871839581517001 0 0 0 0 0 0.0842815002107038 0
"taken" 0 0 0.0878734622144113 0 0.0742942050520059 0.13550135501355 0.0797448165869219 0 0 0 0.0589622641509434 0.149588631264024 0.121654501216545 0 0 0
"unfortunate" 0.100300902708124 0.0564015792442188 0 0 0.0742942050520059 0.13550135501355 0.0797448165869219 0 0 0 0 0.149588631264024 0 0.159235668789809 0 0
"work" 0 0 0 0.0647249190938511 0 0 0 0.505050505050505 0 0 0.0589622641509434 0 0.0608272506082725 0 0.0842815002107038 0
"wrong" 0 0 0 0 0.222882615156018 0 0 0.505050505050505 0 0 0 0 0 0.0796178343949045 0.0421407501053519 0
"acquitted" 0 0.0564015792442188 0.0878734622144113 0.0647249190938511 0 0.13550135501355 0.239234449760766 0 0 0.116959064327485 0 0 0 0 0 0
"again" 0 0 0 0 0.148588410104012 0 0.0797448165869219 0.126262626262626 0 0.116959064327485 0.0589622641509434 0.074794315632012 0.0608272506082725 0 0 0
"appeared" 0.300902708124373 0 0.0878734622144113 0.194174757281553 0 0 0 0 0 0 0 0 0 0 0 0.114285714285714
"attention" 0.100300902708124 0.0564015792442188 0 0 0 0 0 0 0 0 0.117924528301887 0.149588631264024 0.0608272506082725 0 0.0421407501053519 0
"back" 0.100300902708124 0.112803158488438 0 0 0.148588410104012 0 0.0797448165869219 0.252525252525253 0 0 0 0 0 0 0 0
"capable" 0.100300902708124 0 0 0 0.0742942050520059 0 0 0 0 0.116959064327485 0.0589622641509434 0.074794315632012 0 0.0796178343949045 0.0842815002107038 0
"care" 0.100300902708124 0 0.263620386643234 0 0 0 0 0 0 0 0 0.074794315632012 0.0608272506082725 0 0.0842815002107038 0
"caused" 0.300902708124373 0 0 0.194174757281553 0 0.13550135501355 0 0 0 0 0 0 0 0 0.0421407501053519 0
"class" 0.100300902708124 0.169204737732657 0 0 0 0 0.0797448165869219 0.126262626262626 0 0 0.0589622641509434 0 0 0 0.0421407501053519 0
"corporal" 0 0 0 0 0 0 0 0 0.2615518744551 0 0.0589622641509434 0.074794315632012 0 0 0.126422250316056 0
"cruelty" 0.100300902708124 0.112803158488438 0 0 0 0 0 0 0 0 0.117924528301887 0 0 0.0796178343949045 0.0421407501053519 0.114285714285714
"culprit" 0 0.0564015792442188 0 0 0 0 0.239234449760766 0 0.0871839581517001 0.116959064327485 0 0 0 0 0.0842815002107038 0
"down" 0 0.0564015792442188 0.0878734622144113 0 0.0742942050520059 0 0 0 0.0871839581517001 0 0.0589622641509434 0 0 0.159235668789809 0.0421407501053519 0
"except" 0 0 0 0.0647249190938511 0.0742942050520059 0 0.0797448165869219 0 0 0.116959064327485 0.117924528301887 0 0 0 0.0842815002107038 0
"fact" 0 0.0564015792442188 0.0878734622144113 0 0 0.13550135501355 0 0 0 0.116959064327485 0.0589622641509434 0 0 0.0796178343949045 0.0421407501053519 0.114285714285714
